name, rating, rd, vol, inactivity
quaff 2272.254616844697 109.9851489967924 0.08145489502838443 1
krizski 2002.0430560854995 80.28547411030071 0.08084663420548095 3
odds 1922.8026757023829 99.86073952691893 0.08007360401247374 5
poppinfresh 1878.1673315201924 79.98409597286276 0.07989638567874748 0
mach5 1876.3832567783197 201.9106445812429 0.08190445831123783 9
garbage 1861.9855225689337 92.95770598285159 0.07973786705801078 4
mftea 1855.015843576333 137.14711796540976 0.0802745213750589 3
swan 1837.4463005730438 57.16690101330404 0.08000275703830417 0
leaf 1792.560271121461 114.03363057711391 0.08003338975812786 7
dimentio 1756.30058563606 85.8095112438279 0.07974450461201318 2
qwuv 1744.8977963324596 56.92683515124537 0.07964576113399524 0
minijoel 1690.4877467732167 65.96501626448085 0.07965771529325884 2
falco 1669.1253856949172 277.78444251548643 0.08002555312917731 12
wamsa 1642.1219152938852 62.49252776987744 0.07921767606507574 1
zipper 1639.3238154025935 186.3620684763071 0.07991238481900091 8
milesss 1631.8676981008646 96.95116642827396 0.07982796226163298 2
brunch 1630.4386804396265 90.18702920784968 0.08012795774296179 2
liban$ 1619.4923991122373 90.01062333534277 0.07953316530025824 2
nitro 1616.9489250343047 168.3377664357589 0.07995420354386831 2
princessknight 1604.9133236543073 219.96580217355574 0.08005298998201524 11
isis 1594.9186843926664 88.3084679124186 0.07944694778089627 0
aozorax 1591.7952049507828 149.04464363726473 0.08006364568426153 1
birmi 1590.2185295761356 55.727162780077435 0.07919855477121368 0
rash 1575.5984845546748 164.39883928768043 0.0798017572796421 9
vision 1568.568951542047 73.09331233753524 0.07935858939544657 0
tsteak 1527.4056899595978 87.69881751901421 0.07964066118008323 2
gocutiego 1514.870075119944 210.35859035795417 0.0798496745152066 8
rat! 1509.0133372915054 85.1908886733698 0.07948128328319098 1
chewwie 1508.177129320051 314.2145026949812 0.07992293430294733 13
magpie 1502.2708060167465 215.34038944190948 0.07992023220589498 4
stewie2k 1497.10566619941 180.96093158810726 0.07989190219884208 2
bigbird 1496.8469584712325 131.40126499034142 0.07990582850327468 0
superanimevapegod 1496.5336615938822 294.7566560587194 0.07989774135745445 13
kia 1496.0097368545366 372.8002334631551 0.07990919531408795 19
emgat 1492.3914033250312 316.92258546985283 0.07992579246705668 13
rtsvicta 1486.1696725818313 215.9685437711363 0.0798840022950184 7
seemorebutts 1484.0557907386255 166.016675190213 0.07989355202666006 0
thunderbob 1482.0825169069954 169.54425668024632 0.07987607428220993 2
blackgun 1474.8150707781838 271.5007275845448 0.07996565638163673 11
venison 1471.944660252102 134.88586442903508 0.07976582782360331 0
linda 1464.9364431997237 192.97084746469946 0.07983743125475752 7
kova 1454.6760989139848 174.6739672910106 0.0798672453540079 1
tino 1444.2307525187305 421.14585269493114 0.07996775709713135 18
thegroose 1444.1742930790751 143.1091378568575 0.07986444214604417 0
babe 1436.8655301765905 299.73046608280396 0.07994616493418365 10
meleekunis 1410.6679853281703 279.64658524136075 0.07994197329812161 10
finsnreads 1408.1955398443633 151.64508440090063 0.07990047117244754 3
bapple 1391.8724455725223 84.25285410822526 0.08003552341067852 0
sykke 1388.362976692788 227.87992080110251 0.07991287383919121 8
tomthebomb 1386.4034768571669 198.15615293595351 0.07996531718146956 1
nate 1351.5440646173477 196.78814835564506 0.0799883541870807 0
duckrobin 1345.1230625480207 64.76228011288698 0.07953209240005099 0
runawayfire 1338.7611791135012 265.93258696332987 0.07997945648452567 2
dokmomo 1326.5920401835613 133.49734842214846 0.07978350477894688 3
ashley 1319.0886712616348 143.79561692871334 0.07988802831752881 1
wpi|folie 1318.1125966745205 202.254411968903 0.08001342065753896 1
j0ey 1313.4983197790077 196.9148327924041 0.08002086468639891 0
soupostrich 1311.0762361878883 196.3054101625169 0.07989253855154628 8
tomato 1303.3511743572353 231.77066017817953 0.0800113306486599 1
rain 1293.301238108521 129.56820577772908 0.07994961992516528 1
slinky 1293.1400429055873 145.55554775358257 0.08002617914387998 2
dkang 1290.51285954632 392.78995539141556 0.08000781912256869 14
me$|platplat 1272.4500694575595 173.5143474372121 0.07996164043937262 2
boss 1270.1203814256573 226.49035479852859 0.08003384576936388 1
ed 1262.6590593234203 203.78993746240533 0.08006491462218025 1
jams 1262.6590593234203 203.78993746240533 0.08006491462218025 1
unity 1261.686133431454 104.95577576910686 0.0800905954442171 1
jip 1258.038619328462 191.13311754746846 0.08008751381021012 2
yzus 1254.112684764468 326.1914126303612 0.0800234653817166 10
spicymeme 1252.0907519721843 289.0012264556851 0.08000627908556514 4
greenapple 1246.6986399627394 158.25303729541596 0.0799305519403124 7
moesizzle 1246.6862135534438 230.5003924370254 0.0800463774833606 0
jlips 1237.2934637370474 363.65887018429174 0.08003694214002487 13
seen 1229.995668072233 119.28746509428973 0.0799919956230682 0
swell 1219.0025043226096 230.05090186618298 0.08007393684640707 4
tmah 1204.7622220940295 256.0864255474062 0.0800482907372163 4
moobesor 1204.2336345102879 221.56610843136198 0.08009352519395826 1
roen 1200.4376309792247 293.8065503182643 0.07997646599438567 14
dishwash 1200.138223442228 212.76386733438304 0.07997427175718574 0
me$|smflow 1186.2318374684837 199.31683375160685 0.07992518574925017 6
spice 1184.0319270244477 212.33429766975644 0.08006785225595031 0
divus 1180.1705340262693 250.5110699429464 0.08006410443229069 9
jam 1178.8756235820515 247.36934517684261 0.07997215896205111 0
mr.satan 1175.860501126294 220.06487757956057 0.08034753252367254 7
twdock 1172.413512312346 183.7236277253314 0.08009249661799361 7
busso 1168.1332476194389 171.99481234893287 0.08041285067993123 2
daemomlock 1167.6815494218408 292.4027977692015 0.08005533460265431 6
auntjemina 1165.9555624963305 205.71911512868726 0.07998493584024433 0
bighp 1157.366321528541 321.5127637035735 0.08012271135878922 11
darkmatter 1151.9036126169785 234.87431992949607 0.0800002584690532 9
tv 1140.4602927073622 290.7471433479541 0.08006459919301151 11
jts 1132.921472681955 180.56173281160756 0.08010128004914724 2
cal 1132.8282207399448 172.28726744107325 0.08053094736811268 2
skittles 1125.2290033445236 177.9284797413264 0.0804820888611083 2
xavier 1118.9535816874254 184.1836450373838 0.08042900537497745 2
midnighthillbomber 1111.3982164272502 205.62423653873375 0.08081794557737167 7
? 1103.970135938885 173.69532689858218 0.08061683874559222 2
nickzack 1090.8368766957826 208.43266457071934 0.08013183714599044 0
kalco 1087.4727277507118 288.6183666280707 0.08011461510372844 6
aids 1075.3480367576572 112.94048065825532 0.07983192558576947 0
derpinator 1065.1400309394953 138.8080039306239 0.07997091404562102 4
infest 1045.615818740067 199.30922103105246 0.0800484812238894 0
earl 1030.31708017771 236.80183803340074 0.08009391912450238 8
ozio 1006.5522443917566 229.70382147648206 0.0803009615262413 2
dante 999.677747642175 214.01713166763204 0.08117578999063538 7
rocky 986.0278599176866 154.54776537284766 0.08002562898719973 0
deisman 967.3988280144149 199.59815641599278 0.08002634347905023 8
yale 924.7342979540175 135.98729602721184 0.07999824521656505 0
ratemyname 769.9747423403096 350.88468776879085 0.08014222501079703 4
