name, rating, rd, vol
anjo 1936.653257357247 73.16603405786175 0.5016096431321739
jv 1878.1275676169457 69.52283907076065 0.35505349685558035
jraff 1853.2357619912223 69.87396823196022 0.07232135381469597
bluezone 1851.4823418654112 124.16687820923434 0.06076861379347569
yardsale 1798.4664723307396 81.91774493064345 0.06330620112368113
limeeee 1748.906784285 191.9848403964548 0.06004323081739374
tags 1741.5869795326653 67.94860524186923 0.0647195541099411
nuggles 1734.4513576533823 173.01509875169705 0.06005852545224369
poppinfresh 1733.2460792754814 69.82703895320462 0.06377700050139809
nugs 1731.0487071151904 67.8318689704663 0.06423577964077545
riesbyfe 1707.5360833790546 164.00281031152335 0.060049365111252515
pelican 1707.0064619679529 67.21068908691315 0.063335741478855
arca 1705.523897813146 223.91361949442583 0.060008128820721575
alphicans 1703.47433913221 153.07794451571843 0.06006609286714326
crusayer 1694.9046749385725 161.33348987916955 0.06004169333990363
sylarius 1690.98594250543 131.12105602683704 0.06011844764780968
mittens 1689.7148877368413 156.77032507726074 0.06004366976492515
zeldagodkull 1686.7091475274062 135.3951905207943 0.06009247999727494
2/4lip 1678.4319451204565 158.7433419641547 0.06002998281388265
salamimommy 1645.2817138025557 148.83440120318784 0.06000950592712297
ksc 1640.7967741369575 70.67142668534711 0.06097298023089674
dew 1636.6322397032627 73.87415964579247 0.060724334885412484
limeee 1628.7512982269714 105.56057651274631 0.06008224267276452
kelarisvancouver 1623.0245668971866 181.00475107803373 0.059986513861207715
chochang 1616.8434993084843 87.10584056302366 0.06017874667843955
kronos 1616.0540139119887 60.89901355702076 0.06114451810423373
naz 1606.3933892880018 103.94133369133887 0.060018896481670816
npo 1600.1387829172677 73.55303020657891 0.060257601152818085
silver 1599.8611845689952 92.09115521988012 0.06004397409542827
victra 1596.8682902688902 113.13258820064911 0.05997879013826788
minifedora 1571.661539396734 109.21934141899523 0.05993571436823541
andhobbes 1569.0685768687044 183.83712109563456 0.059971960953406976
woody 1561.762743166777 147.43562467658182 0.05995172097441804
borz 1556.9959592233658 145.24394015321664 0.059948221004447876
medic 1547.7153386716761 178.23725805471133 0.059965797338003564
lift 1546.4461671399595 139.5892250403025 0.05993931251156875
kassey 1538.2535447222751 168.85076715943507 0.05995924686670803
approvedboat 1534.1648339437354 133.19601366247767 0.05992804196696573
kelarisfromvancouver 1530.7500687969139 208.71111278633512 0.05997675150626006
jedcruz 1529.187978978065 172.76147930786072 0.059960420232792376
fedoralord552 1528.6430160739733 97.15672712911852 0.059857857924433176
justjohn 1523.0265606665105 139.681198210524 0.059932533402276035
smear 1521.8803921437318 111.75887070600523 0.059889161503968266
kull 1510.217995909116 94.51324969501283 0.059835948562280715
mr.bulldops 1506.202009355846 144.30764869719675 0.05993563342758542
tulip 1503.295589745959 69.93611612751693 0.059691435641752034
fedora_lord569 1502.601923382428 168.46412286246476 0.05995609385244581
ndiaz 1501.7308692490483 144.34602003477696 0.05993554300488219
skuirmple 1500.0 253.40457865032315 0.05998792914584698
trashman 1500.0 208.56029348778836 0.05997588979105785
minifadora 1500.0 208.56029348778836 0.05997588979105785
drummercon 1496.7768885673854 119.68106587678761 0.059900680197383274
fadoralord522 1496.4524794986419 194.7685346035552 0.05997044218007285
asianjustinwong 1485.095209254561 188.72212226763202 0.05996793339237449
bbro 1483.0260943440044 201.480196295636 0.05997350850343115
kasey 1480.9968677612644 119.984423564137 0.059903941291329095
justjohn2017 1477.7569884899103 191.78016553431598 0.059969679683182724
neki 1475.713932077128 241.00168331192125 0.059985541636202726
kellarisfromvancouver 1473.772773316874 194.08884732668076 0.05997091340551591
sad 1460.6584025174968 142.93137299020782 0.05993995682287471
saybn 1454.998014718874 225.12285991998175 0.05998245469403912
noxris 1454.998014718874 225.12285991998175 0.05998245469403912
salsa 1450.77555958897 111.10273537600352 0.059908066284138
brayden16 1447.7348605103512 186.10871439423562 0.059970049346713794
scruimple 1443.9976114284582 176.30892741824584 0.05996627767118527
tak 1442.3503740518793 218.7282748779748 0.05998163138970607
sqruimple 1422.0338672178773 179.76192792343616 0.059972424392482744
scrubsauce 1418.6812542076825 229.55275788261355 0.059986265938344656
christinefromnetplay 1406.5383719207268 204.9092738210692 0.05998258256757867
hyper 1401.8001423439675 196.99617491138793 0.05998176247767028
marru 1401.303193148488 154.63196814005607 0.05997293139668808
conut 1400.4581235180792 209.36549000836396 0.059984539294269806
alpha 1400.1247477825627 227.73538458230354 0.059987926722302604
dotcalm 1400.1247477825627 227.73538458230354 0.059987926722302604
approved 1400.1247477825627 227.73538458230354 0.059987926722302604
colby 1400.1247477825627 227.73538458230354 0.059987926722302604
sunshine 1400.1247477825627 227.73538458230354 0.059987926722302604
gumby 1400.1247477825627 227.73538458230354 0.059987926722302604
koreanking 1394.2953022320544 90.74344515386288 0.0600799378883832
jure 1392.495612541559 217.98967151473877 0.059987350921566596
okada 1387.967191389974 196.6942100801328 0.05998484746237503
nicknasty 1384.3526299264047 207.76014132253732 0.05998724392607657
colt 1376.8646587835926 111.98041915769937 0.06003901759476363
crimsonbeast 1375.485449108314 209.03619419263893 0.05998923035385746
figa 1367.918935788056 91.89878831529957 0.060213505136890604
bitepunch 1362.345595873062 140.51899301341422 0.06000955620751669
unclegubsy 1343.7129481108645 133.11815563432586 0.060047271112506656
1lip 1339.960579871049 218.32988243287406 0.059997451692583775
bigboy 1339.32731608996 83.50509263725792 0.06063937327661659
rn 1337.9190311418693 193.28197044772685 0.0600002819863651
phantom 1334.3578106992436 103.6847836445005 0.060245245760327304
squirmple 1330.6561320680287 171.20864116889757 0.060011905964187956
tony 1315.7469412122164 135.05290987812495 0.06008928415031499
jackied 1314.5369064168287 103.44489552572958 0.06034774217584376
merkzer 1309.854223072412 213.6910049488517 0.060005810726108375
chickfungus 1305.460190035783 241.54116769387568 0.06000345771109578
blueandyellowshirt 1302.8343397490225 217.8671036947279 0.06000702951896689
maigai 1302.1570926578506 199.36448294687477 0.060012576533819736
coolalex 1301.5723595662787 231.43599965724883 0.060005201177819045
cinder 1298.0661501926113 127.9570539870822 0.06016036364431361
turboscrub 1297.5413017808028 229.11760860842523 0.06000645279657538
skittles 1292.6187894052364 231.01506701539083 0.06000732846228267
kcurb 1285.8366493996216 218.2016706588003 0.060011979227011424
knoff 1280.3182637489049 239.5488923230156 0.06000874629921537
scrublord3000 1273.2536772752164 231.3281987924167 0.06001205552610848
dynasty 1272.5914180389643 163.63811063317883 0.06006957465457519
jetfuel 1269.7232462764084 230.41576826545017 0.06001321048121054
kolby 1267.0044790229695 111.04024568539131 0.06046356428793227
boof 1260.6796027946175 108.99939761503786 0.06053933505088677
umr 1256.2920565130173 184.4761080439823 0.06004877181758378
shift_ 1254.690925748436 193.73218130596743 0.06003933283606647
lpm 1252.6818821529578 253.40462595209 0.06001206352634158
tinyshroomish 1252.6818821529578 253.40462595209 0.06001206352634158
apto 1252.6818821529578 253.40462595209 0.06001206352634158
chicken 1252.6818821529578 253.40462595209 0.06001206352634158
tagless 1252.6818821529578 253.40462595209 0.06001206352634158
cutieboy666 1252.6818821529578 253.40462595209 0.06001206352634158
chaizord 1252.6818821529578 253.40462595209 0.06001206352634158
wharplz 1252.6818821529578 253.40462595209 0.06001206352634158
butteeeers 1252.6818821529578 253.40462595209 0.06001206352634158
jarobi 1252.6818821529578 253.40462595209 0.06001206352634158
nate 1252.6818821529578 253.40462595209 0.06001206352634158
sdk 1244.3088678338067 106.70090900688615 0.06069880951612121
dr.love 1236.5751695614601 174.82662547850353 0.06008075683217392
l.p.m. 1234.6534676757644 176.56173964336332 0.06007882886502238
leflur 1231.94138439694 224.7322488978912 0.06002686979633357
lunamelee 1231.8629366398177 217.91907569007665 0.060030852611961755
kimil 1227.8069992195492 142.64104764002326 0.06022463340184952
ravnica 1224.1789725920557 218.83417433091054 0.06003324727586789
fox3345 1218.4482449744996 242.38542702831072 0.060022943210972714
lillicoi 1218.4482449744996 242.38542702831072 0.060022943210972714
mahman 1216.292118632031 201.57622083128393 0.06005250973953694
midnight 1205.0425467940813 172.55422607399322 0.060118291113217
merkzr 1203.4280769145162 126.81591955376018 0.060469158642157364
moon 1203.1949297313568 183.06224815328608 0.06009232794337308
saber 1192.5158551009683 133.19615215154514 0.06041323484803743
taylorf 1192.0118849469009 223.2042350722872 0.06004280038274113
zedd 1174.7408555918569 176.7236445958146 0.0601378361534438
zozzle 1170.03718257609 191.80733983110156 0.06010001868889697
hettman 1159.911816405192 125.00350969992809 0.060691530824555716
p0wer 1151.0257429994065 228.16080002142522 0.06005519223235226
dumpmaster 1146.2970082858405 202.28670916913566 0.060095215592874444
shift 1145.6099229721888 125.77176548878758 0.06074121585448935
shroomish 1098.9366405271364 196.09472436378948 0.060148468111384745
