name, rating, rd, vol, inactivity
sylarius 2130.923287761403 247.78611239241454 0.08089293613060589 7
jams 2129.5908852690154 260.6204316128816 0.08068169041674222 7
bladewise 2105.4306659406257 235.74869452318617 0.08106319103668395 7
bluezone 2006.1909632865554 196.87354003380244 0.08100993378908557 7
anjo 1979.0114542670253 107.42563374174102 0.08020712675962577 0
smear 1904.509738836655 86.10062701869482 0.08051404454887283 0
fedoralord552 1871.284210632659 82.80958326460555 0.07988686380355599 2
alphicans 1859.6061094579995 185.92996065236795 0.08010110071875577 7
neri 1849.4705004751838 66.47508529670336 0.07999637484514853 1
yardsale 1846.9408705130622 113.65615127320723 0.0802783160309766 5
dylanlan 1841.2212350964426 136.47534090351917 0.0801587137237226 5
ndiaz 1819.3842270038747 81.94275213543422 0.08009620226500623 0
minifedora 1815.2240673710262 60.21788655598092 0.07967816991830358 0
crogunk 1794.8538665605656 277.25758813431884 0.0800665994852498 7
star 1791.2320990384853 279.1984465706043 0.08006106140495471 7
limee 1751.0578239155302 194.04636706579967 0.08013309042762198 4
bbro 1670.964129296509 203.14571799961163 0.07993170514158783 7
lights 1666.5834884985186 264.71154431606953 0.07998673298405998 7
salamimommy 1649.0393055064662 209.93338644111873 0.08006548757908376 9
tags 1624.3528621976131 215.1390882955142 0.08037648432410978 11
pelican 1604.1088005045626 162.46465360197857 0.07984706231783904 2
giganticfedora 1602.78573611593 185.6473236651639 0.07992853369794006 6
arca 1602.1521350711996 103.39089150852577 0.079530020076631 4
gouda 1589.3646866315758 182.44804186052488 0.07992658259857127 0
commandaguy 1581.2645181344892 158.4321038238162 0.07997880817191569 5
nugs 1568.162221827152 231.4711739022355 0.07994367378629808 4
kuraudo 1566.430923485603 323.2271994955637 0.07993617057446804 14
dew 1566.190270178487 161.28452111749982 0.0798946276098908 2
sad 1565.276718105663 112.2326229574972 0.07977907526984637 0
compushwa 1556.3229290196596 109.55096130563071 0.07981758428894695 0
sdk 1552.6365474721515 101.31936224498423 0.08004390948378284 0
adamantium 1552.0700367786835 107.21160005389935 0.07999152030272653 4
yawn 1526.7757263423587 200.5695716667293 0.07992058867442424 0
figa 1523.6999603511197 90.30588569494886 0.07983023605000197 3
alizon 1521.131769174905 284.3783970128012 0.07992960253940522 10
gumby 1514.753580221478 295.04648026475246 0.07990188537594994 13
alpha 1505.6282895939898 225.25555206282348 0.07992859474973685 7
victra 1501.4875234914218 210.90240265899098 0.07991750479502488 4
moon 1500.0 530.2124135303105 0.08 18
lift 1494.3940776746106 67.2216040368089 0.07939364230507008 0
peaches 1483.1356125205416 266.835879722399 0.07994150185174692 7
knoff 1482.190402144152 364.24627178547723 0.0799297636999294 17
kronos 1476.3895100883326 76.41205395990676 0.07960282858168144 0
aedrenaline 1472.8950251406686 326.29041110517926 0.0799718674078455 7
chair 1470.629872017893 208.95198901919068 0.07992808208606117 0
asianjustinwong 1454.6981063495411 311.9172598038509 0.07994698936741457 11
dr.love 1454.3002705168126 184.18065608370483 0.07990496638232286 1
medic 1453.710109483321 237.30595288730663 0.07994798573768057 2
neki 1452.3930626932167 294.09731290006073 0.07991711794641809 14
itssonic 1449.7637686333326 293.2339936398843 0.07995987568132244 7
tulip 1449.00897408964 141.62953998201883 0.07993487643087477 4
hyper 1442.8820107594477 221.35029779907939 0.07993862466468164 3
dragonbooty 1437.6161155441798 222.51470249411236 0.07993181050355175 5
chaz 1432.5826757478258 259.79625883153324 0.07996112544039186 2
jedcruz 1426.8610844520542 223.5362064890559 0.07994490176897186 2
ksc 1426.7286580055297 339.75871130468863 0.07995118089066978 14
okada 1422.9541485084717 231.03556964127122 0.07993496877419665 6
jackied 1405.3462440252447 124.20912518522286 0.07993606520995357 4
mickey 1404.383450188263 166.60266145838145 0.07997372426157165 2
dunkmaster 1389.880487643252 189.3298276533226 0.08007575924456983 1
approvedboat 1379.6578740819891 302.05376807223513 0.08011961465964025 13
vaynemain 1353.2907571647129 129.7082593662427 0.07987755162487709 1
kull 1342.3531681364595 284.55096432837433 0.07992570752811189 13
cinder 1337.237589852031 144.75453672714121 0.07998815073552523 2
zozzle 1334.896067057915 236.93320977965197 0.07998241801712358 4
adrian 1320.9670428021398 181.83473338915334 0.07992517074574615 5
crimsonbeast 1311.22151650028 229.74400601764546 0.07999287346607599 2
kimil 1309.9559694197053 127.88369897426035 0.07978299504309855 0
amac 1298.9061379084865 295.546641173314 0.07999887973074124 7
blueandyellowshirt 1293.1424084672035 318.69306966783495 0.08002512454967038 12
djkoolkids 1292.8662554473276 373.5294180088355 0.0799990044303881 7
zedd 1291.9240291507151 207.17962791236747 0.07996051313630724 7
kasey 1289.7876471357658 302.8428000625662 0.08002930480000135 11
dumpmaster 1288.0902610061141 274.29892259917074 0.08003180630365427 9
slurmzmackenzie 1288.0793877046422 300.4527234544734 0.0799928635275457 0
reich 1283.7082571097137 213.5490530558902 0.08000936759163518 5
noxris 1276.2239977013107 314.4290844496503 0.08000426634891733 7
squirmple 1275.2220388354162 148.49178022762683 0.08004741460402869 3
beanfox 1269.0264228064946 241.18773462680528 0.08005689382367137 4
k-dj 1262.356251788828 346.33239554374626 0.08000458736902703 7
bitepunch 1256.6159404050813 390.4960256304307 0.08001539591392812 12
omergosh 1251.9220584976047 325.5781322050493 0.08002782966136424 10
bigboy 1243.565933241815 124.37691604396818 0.08000209916818406 0
salsa 1238.1159466452689 206.64915792371508 0.07998478805695382 6
rin$god 1228.9306096280006 306.29790312724765 0.08008441005568095 11
unclegubsy 1223.1098014027425 350.2938359966645 0.08004810977355187 12
rollboy 1200.7738315028473 291.3934716316967 0.08005227985365736 7
taxisdue 1200.07295223551 363.13193473949667 0.08008096938988882 14
lpm 1199.7737698355813 188.80934803570705 0.08005074338162278 2
npo 1198.6695278225066 165.33045262539054 0.0800265621006234 0
midnight 1193.597671622003 347.36010710486204 0.08009114907496168 13
finestsilver 1191.1077000003202 186.48133370862197 0.07997031545776292 5
silver 1169.3951315818308 252.062533025235 0.08000782619215119 3
shift 1168.6937137550144 135.6745528716397 0.07997843528516606 0
saber 1155.0330870860053 350.2916589241575 0.08007597858203287 11
science 1146.169490111237 291.7901192849479 0.08004885340535504 4
gundamrobot 1143.973529937266 209.7565691176484 0.08000078629459428 0
umr 1135.5169228730656 245.66397204452434 0.08012498877982877 4
kcurb 1121.0364009276132 199.23644373637796 0.07996043756304397 3
supershota 1101.3174915013942 330.4338751462606 0.08015935291645074 11
hettman 1094.3578837452606 109.73284112209141 0.0798800818295967 0
sauce 1079.9040672483002 275.73896028493266 0.0801225320551734 5
hwarplz 1045.5271796039815 236.1104391564796 0.08010904148648368 2
dork 1020.5924415404943 300.02487648647474 0.08008206165702288 1
nullex 1009.5872509063529 150.06339200655057 0.08001437206960743 1
superloli 987.4677952860944 151.09444052418903 0.07996270768967483 0
chicken 851.9163784010708 285.333592460005 0.08022577450601913 2
boof 808.9868160812246 341.95179107914333 0.08012302601582703 2
g$ 699.3374033595247 292.26967877142744 0.08018536658319132 1
